1000058	3288
1000095	3788
1000108	3079
1000115	4239
1000117	3009
1000227	4836
1000382	3688
1000405	2528
1000420	4719
1000453	3178
1000574	4019
1000577	4268
1000627	4068
1000715	4466
1000726	4698
1000733	4788
1000782	3997
1000905	4509
1001072	4458
1001167	4438
1001279	2638
1001305	3997
1001335	4418
1001369	3308
1001371	3949
1001380	3818
1001407	4079
1001416	4728
1001432	3808
1001475	4435
1001528	4318
1001555	4317
1001558	4199
1001596	3828
1001656	3598
1001709	2566
1001750	3857
1001755	2728
1001765	3398
1001803	3708
1001826	3867
1001867	3707
1001875	4537
1001914	3248
1002092	4848
1002102	2618
1002110	3568
1002142	3817
1002158	3868
1002193	4067
1002256	3759
1002264	3787
1002267	4776
1002282	4798
1002341	3508
1002409	4328
1002418	3578
1002436	4379
1002485	3155
1002527	4046
1002573	2668
1002609	3996
1002621	4728
1002708	4049
1002796	3248
1002800	4188
1002827	4066
1002854	2788
1002877	4198
1002934	3648
1003074	4127
1003087	3969
1003229	4059
1003236	3139
1003261	3278
1003322	4568
1003373	4788
1003417	4049
1003432	4388
1003446	4238
1003456	4388
1003458	4998
1003601	2608
1003766	4958
1003848	4018
1003854	2969
1003888	3368
1003918	3308
1003931	3747
1003939	4059
1003947	4079
1003951	2968
1003969	4018
1004000	2798
1004050	3207
1004133	3228
1004186	4019
1004190	4448
1004237	4856
1004265	3517
1004294	4438
1004308	2849
1004333	4418
1004351	2918
1004374	3859
1004443	3078
1004459	3637
1004476	3648
1004483	4736
1004492	3678
1004493	3417
1004504	3388
1004592	2578
1004594	3238
1004615	3358
1004676	4309
1004691	3697
1004704	3619
1004733	3218
1004783	4477
1004788	3948
1004835	3619
1004869	3668
1004894	3688
1004902	3508
1004921	4059
1004929	2598
1004940	4558
1005033	2879
1005045	2989
1005071	4157
1005119	3718
1005142	4157
1005159	4166
1005161	2768
1005186	4648
1005209	4096
1005214	3508
1005232	4548
1005234	3348
1005243	2538
1005298	3019
1005303	3478
1005307	4327
1005309	3619
1005400	4158
1005427	3528
1005495	2787
1005497	4888
1005504	3718
1005518	2608
1005530	3619
1005539	4579
1005558	3608
1005573	4059
1005625	4608
1005650	3648
1005692	4758
1005728	4006
1005740	2979
1005757	3178
1005805	3478
1005806	2998
1005812	4037
1005830	3638
1005841	4758
1005864	3478
1005978	4477
1006078	2668
1006091	3076
1006126	3966
1006172	3277
1006357	4408
1006366	2979
1006368	2909
1006494	3217
1006668	2618
1006671	2509
1006686	3707
1006715	4637
1006758	2508
1006776	3688
1006801	3668
1006852	4986
1006889	4828
1006917	2627
1006930	4848
1006966	4027
1007092	3038
1007103	4948
1007203	3716
1007215	3178
1007223	4076
1007242	3418
1007263	4419
1007267	2939
1007284	2709
1007314	4059
1007336	3458
1007363	4328
1007403	3019
1007445	3958
1007513	3958
1007528	3828
1007529	4437
1007532	2989
1007611	2999
1007619	4378
1007711	3318
1007725	2969
1007727	2969
1007758	2957
1007779	3438
1007780	4309
1007807	4508
1007808	4348
1007809	4667
1007891	4798
1007892	3848
1007907	3787
1007925	4566
1007934	4816
1007947	2609
1007958	2916
1008004	3468
1008072	2959
1008162	4576
1008166	2999
1008221	4588
1008296	3178
1008314	3679
1008348	3538
1008696	4698
1008703	4288
1008712	4869
1008815	2689
1008829	2768
1008909	2509
1008965	3336
1008969	2518
1009030	3318
1009038	4717
1009175	4656
1009224	4018
1009247	2606
1009351	4736
1009369	2908
1009388	4728
1009442	4286
1009490	4039
1009521	3658
1009556	4708
1009583	2638
1009610	4978
1009629	4978
1009683	3208
1009684	2728
1009687	3328
1009688	3488
1009745	3337
1009761	2938
1009764	3228
1009766	2838
1009920	4197
1009928	3248
1009956	3458
1010035	4238
1010109	4158
1010125	2879
1010141	2777
1010150	2547
1010160	3338
1010172	4176
1010233	3619
1010305	3248
1010319	4308
1010390	3458
1010396	3738
1010438	3116
1010511	4738
1010531	3038
1010566	2628
1010602	4379
1010615	4158
1010630	2617
1010679	4827
1010880	3198
1010889	4538
1010902	3658
1010960	2509
1010971	4059
1011070	3598
1011079	4059
1011107	2808
1011127	3417
1011137	2598
1011156	4947
1011157	4657
1011235	4988
1011268	4558
1011312	3098
1011339	4547
1011365	3636
1011438	4059
1011456	3947
1011562	4708
1011570	4267
1011591	4788
1011664	3128
1011687	4848
1011741	4955
1011820	2917
1011841	3448
1011956	4848
1012018	2918
1012051	2979
1012070	3578
1012234	4177
1012301	4767
1012456	4556
1012475	4059
1012485	2989
1012515	2978
1012530	2618
1012540	4618
1012706	4727
1012740	4428
1012773	3958
1012926	3468
1012938	3858
1012991	3858
1013054	3929
1013078	2638
1013109	3506
1013112	3338
1013295	3078
1013301	4338
1013305	4968
1013379	4876
1013405	3087
1013411	3268
1013455	4036
1013473	3077
1013515	3228
1013539	2989
1013575	3867
1013608	2888
1013659	4498
1013669	4127
1013718	2799
1013756	4438
1013766	3448
1013774	3717
1013809	4079
1013815	3436
1013826	4898
1013844	4498
1013857	4019
1013887	3827
1013921	2999
1014071	2529
1014085	3067
1014131	2758
1014168	4287
1014206	4296
1014211	2929
1014320	3638
1014385	3079
1014413	3148
1014461	3548
1014563	2969
1014566	2798
1014572	2989
1014595	3998
1014617	4698
1014620	3958
1014638	4996
1014714	4928
1014721	4128
1014748	3667
1014821	3368
1014835	4948
1014858	4538
1014888	3038
1014943	3878
1015085	4087
1015114	4107
1015138	4078
1015162	3558
1015176	2748
1015184	4969
1015222	2799
1015237	3057
1015273	3158
1015330	4758
1015331	4578
1015354	4378
1015382	2508
1015397	4308
1015445	3759
1015490	2969
1015564	2829
1015629	4028
1015640	4627
1015672	2758
1015675	3758
1015683	2747
1015697	3096
1015722	4308
1015740	4378
1015742	3488
1015827	2598
1015906	3728
1015965	3238
1016044	3578
1016057	4847
1016079	4857
1016141	4728
1016147	4648
1016155	2529
1016187	2768
1016222	4348
1016235	3428
1016247	4788
1016263	4797
1016343	3408
1016403	4468
1016478	4084
1016533	4838
1016623	2758
1016641	2538
1016678	3438
1016755	2509
1016780	4358
1016842	2578
1016933	3198
1016953	3817
1017082	4538
1017103	3907
1017106	4067
1017154	3088
1017191	3009
1017219	4868
1017270	2849
1017326	4059
1017344	3438
1017375	2718
1017434	3459
1017446	3148
1017451	3298
1017557	2908
1017570	2588
1017585	3619
1017607	2568
1017645	4587
1017675	4777
1017724	3969
1017786	2928
1017847	4059
1017863	4928
1017925	4088
1017927	2688
1017928	2908
1017962	3487
1018030	2828
1018052	3308
1018142	2779
1018215	4768
1018268	4239
1018278	4079
1018281	3949
1018338	2898
1018450	3958
1018600	3538
1018610	3839
1018640	4436
1018697	4698
1018715	3508
1018746	4358
1018748	3758
1018756	4408
1018764	3328
1018840	2969
1018850	4336
1018875	2929
1018879	3198
1018885	4136
1019022	2969
1019075	3718
1019091	3748
1019126	2838
1019196	4937
1019197	2929
1019224	3268
1019227	4218
1019275	4199
1019309	3107
1019343	4895
1019360	3878
1019361	3936
1019410	2709
1019450	2909
1019458	3238
1019576	3948
1019632	4477
1019673	4319
1019703	4348
1019711	3748
1019759	4199
1019767	4428
1019775	4418
1019807	2599
1020010	4127
1020069	3237
1020089	3638
1020154	3188
1020176	2568
1020187	4348
1020232	2879
1020266	4566
1020296	3707
1020298	3008
1020324	4239
1020348	2878
1020403	2509
1020445	2839
1020516	4079
1020544	3998
1020548	4309
1020623	4329
1020718	4807
1020848	3678
1020863	4518
1020900	3418
1020964	3018
1020975	4818
1021001	2999
1021004	4299
1021017	4059
1021022	2838
1021040	2998
1021043	3949
1021100	4579
1021120	3459
1021150	2768
1021192	3088
1021207	4278
1021229	4748
1021236	3358
1021247	2628
1021276	3498
1021286	4828
1021316	3019
1021339	4629
1021385	4808
1021439	4258
1021450	2799
1021469	4869
1021511	4948
1021514	3628
1021529	4778
1021532	2799
1021539	2689
1021541	2849
1021589	4067
1021611	4628
1021655	4049
1021666	3088
1021690	3449
1021722	2758
1021744	3488
1021756	3079
1021774	4248
1021798	3588
1021804	4876
1021953	2969
1021971	3976
1022005	4576
1022096	3196
1022118	3778
1022147	4328
1022154	2939
1022229	2939
1022257	2618
1022261	3517
1022448	2828
1022449	3368
1022465	4838
1022505	4039
1022513	2798
1022701	4587
1022829	3187
1022906	3528
1022908	4088
1022913	4988
1022925	4159
1023005	3488
1023038	3948
1023073	2968
1023107	3978
1023113	2709
1023138	4838
1023195	4309
1023236	2908
1023241	3759
1023254	4127
1023332	4328
1023361	4436
1023421	2878
1023465	4738
1023472	3448
1023532	3079
1023556	3238
1023618	3197
1023645	3766
1023650	2567
1023718	3098
1023735	3507
1023771	3079
1023796	3198
1023813	3738
1023828	4078
1023890	4379
1023904	4949
1023961	3268
1024014	2918
1024109	4268
1024118	4969
1024180	2989
1024250	3898
1024251	2799
1024260	4688
1024283	3678
1024291	2798
1024314	2798
1024319	2989
1024334	3236
1024361	3968
1024385	3909
1024386	2969
1024451	4637
1024509	2918
1024642	2568
1024701	4707
1024709	3019
1024744	3969
1024792	3787
1024823	3456
1024830	2969
1024846	4978
1024850	2779
1024851	2608
1024852	2999
1024955	4918
1024973	2689
1024992	2989
1025016	3039
1025072	2508
1025237	2849
1025252	3398
1025254	4578
1025262	4309
1025267	3019
1025271	3288
1025292	4079
1025357	3598
1025447	4738
1025498	2678
1025512	2877
1025521	3958
1025577	3957
1025643	2898
1025698	2969
1025733	4309
1025756	3679
1025832	2849
1025848	3177
1025895	4379
1025989	4067
1026006	2587
1026021	4128
1026074	3708
1026087	3858
1026092	2979
1026196	4498
1026201	4548
1026259	4338
1026266	4398
1026297	4938
1026442	3948
1026469	2657
1026478	3138
1026487	3778
1026496	3768
1026511	3616
1026551	2879
1026627	3949
1026741	4888
1026747	2529
1026794	3818
1026842	4926
1026901	4297
1026908	4117
1026915	4488
1026937	3708
1026942	2937
1026961	3079
1027002	4869
1027029	4408
1027070	2608
1027076	2887
1027110	4039
1027159	4838
1027173	4588
1027308	2969
1027528	2959
1027538	3756
1027561	3155
1027593	4869
1027627	2799
1027655	4688
1027667	4019
1027670	4338
1027711	4248
1027735	4828
1027797	3968
1027803	2858
1027835	3508
1027866	4309
1027867	4707
1027937	2529
1027952	2608
1027958	4998
1028125	4798
1028136	4869
1028181	3496
1028188	3398
1028201	3535
1028280	2689
1028422	2509
1028436	4199
1028543	4768
1028553	2938
1028574	3048
1028575	4478
1028784	3258
1028918	4079
1028942	4948
1028960	4158
1028979	2687
1029082	2838
1029086	3859
1029126	3958
1029140	3727
1029344	2958
1029345	4977
1029382	4998
1029389	4368
1029442	3667
1029544	4258
1029582	4718
1029628	4368
1029640	2828
1029665	2558
1029678	2759
1029834	2509
1029878	2928
1029939	4836
1030019	3969
1030026	3868
1030027	3648
1030042	3248
1030052	2709
1030059	2678
1030076	2509
1030097	4628
1030155	4497
1030165	4906
1030193	4968
1030296	4969
1030326	4548
1030350	3858
1030352	4998
1030386	3738
1030396	3048
1030472	4438
1030501	4707
1030624	4898
1030670	3948
1030688	4558
1030778	2558
1030808	2798
1030914	2508
1030921	4079
1030928	3299
1030933	3478
1030950	3278
1030959	2969
1031028	3388
1031042	3478
1031054	3738
1031101	4598
1031181	2939
1031237	3657
1031249	4456
1031320	3198
1031326	3168
1031335	3768
1031467	4457
1031486	2799
1031494	4279
1031499	4048
1031523	3938
1031633	4927
1031668	2849
1031688	2627
1031713	3619
1031734	2618
1031738	3978
1031814	4645
1031827	4338
1031853	4447
1031856	4236
1031872	3808
1031927	4199
1031948	4418
1031974	2948
1032038	4868
1032043	3228
1032063	4278
1032107	4459
1032245	3438
1032246	4318
1032270	4367
1032347	4967
1032360	2969
1032375	4298
1032384	3248
1032406	4798
1032427	4018
1032497	3909
1032503	3698
1032508	3257
1032516	2999
1032627	4358
1032658	3598
1032736	3487
1032755	4788
1032759	3848
1032786	3598
1032816	3819
1032873	4239
1032885	3218
1032892	3068
1033025	2759
1033051	4199
1033071	4258
1033075	4818
1033095	4118
1033117	2768
1033168	3238
1033197	2989
1033203	3908
1033330	3668
1033358	3658
1033554	2929
1033560	3498
1033668	2948
1033744	3608
1033773	2848
1033797	4419
1033821	4488
1034050	4507
1034094	4188
1034116	4498
1034180	2588
1034203	4969
1034230	2857
1034268	2738
1034330	4566
1034356	4008
1034428	3628
1034468	3839
1034486	3068
1034498	4178
1034514	4107
1034584	4949
1034598	3546
1034611	4018
1034651	4049
1034655	4329
1034703	3568
1034749	4578
1034812	3618
1034826	3257
1034843	3138
1034952	4928
1034956	3208
1034975	4267
1035103	4617
1035132	4199
1035163	3418
1035218	2668
1035271	3708
1035285	2948
1035365	3619
1035366	4239
1035419	4678
1035497	4788
1035515	4327
1035558	4937
1035573	4059
1035593	3488
1035673	3909
1035715	4368
1035728	2758
1035762	2588
1035780	4656
1035794	2959
1035811	4579
1035874	2989
1035944	2838
1035982	2999
1036027	2818
1036048	4496
1036086	4019
1036093	3538
1036139	4447
1036159	3768
1036202	3568
1036283	4938
1036288	2599
1036344	3208
1036399	2647
1036470	4309
1036504	4226
1036613	2999
1036617	4658
1036676	4986
1036768	4067
1036858	4869
1036925	4349
1036953	3009
1036962	4688
1036965	3868
1036997	4867
1037002	2928
1037046	2758
1037064	3528
1037073	4168
1037138	3568
1037148	4506
1037149	4627
1037269	3859
1037286	2959
1037403	4309
1037430	3906
1037432	4408
1037563	3929
1037634	3898
1037659	4226
1037671	4869
1037715	3019
1037751	4918
1037863	4228
1037888	3859
1037918	4028
1037961	2759
1037981	3528
1037982	3929
1038054	4777
1038070	4808
1038085	4319
1038099	4777
1038106	4417
1038107	2927
1038154	3178
1038169	4648
1038174	4048
1038191	2799
1038252	3736
1038259	4908
1038299	4428
1038306	2989
1038308	2709
1038322	2657
1038348	4858
1038375	4708
1038421	3909
1038468	3228
1038482	4678
1038524	4199
1038532	4908
1038587	4059
1038595	3758
1038613	4665
1038680	2879
1038691	4318
1038774	4056
1038795	3029
1038840	2618
1038870	3338
1038881	2868
1038916	2967
1038927	3098
1038963	4238
1038968	4748
1039061	2599
1039097	3898
1039153	3857
1039204	4086
1039222	3348
1039245	3079
1039342	2989
1039347	2999
1039381	4629
1039422	3318
1039442	3619
1039474	4828
1039499	2809
1039526	4798
1039556	2838
1039584	4918
1039589	4838
1039602	2738
1039621	4548
1039657	3968
1039702	2768
1039761	4908
1039787	4969
1039817	3148
1039835	3619
1039843	4418
1039948	2909
1039975	4808
1040012	3948
1040017	3438
1040144	3819
1040171	4348
1040235	4199
1040236	4778
1040242	3668
1040250	3997
1040284	3747
1040293	3967
1040304	4677
1040390	4837
1040393	3637
1040405	4438
1040417	4039
1040434	3628
1040444	3548
1040448	3949
1040494	4258
1040671	4079
1040691	2759
1040714	3428
1040854	3984
1040879	3148
1040887	2768
1040891	3079
1040903	4968
1040932	3418
1040965	3947
1040990	3707
1041048	2999
1041084	3778
1041150	3619
1041180	4978
1041238	3668
1041309	3078
1041366	4027
1041386	2529
1041396	2969
1041456	2689
1041500	4869
1041510	4778
1041578	4279
1041628	3588
1041667	3497
1041684	2828
1041695	3378
1041704	3018
1041710	2998
1041751	3338
1041767	2638
1041848	4467
1041886	4648
1041917	4387
1041957	2939
1041999	3677
1042033	2568
1042078	4657
1042080	3859
1042142	2518
1042143	4688
1042167	3467
1042182	3297
1042183	3528
1042231	4938
1042277	2528
1042359	4428
1042374	3258
1042410	3227
1042494	3098
1042535	4958
1042539	3188
1042623	4205
1042634	2827
1042643	4629
1042685	4008
1042723	3408
1042760	4279
1042812	4757
1042814	3466
1042892	2848
1042906	4938
1042945	2938
1043052	3308
1043061	4007
1043072	4498
1043242	2817
1043246	4997
1043277	3568
1043283	3357
1043297	3478
1043320	4419
1043346	4026
1043499	4037
1043533	4199
1043572	4579
1043618	4738
1043620	4218
1043622	4088
1043692	4648
1043694	3908
1043698	2999
1043806	4058
1043840	4579
1043928	4678
1044018	2578
1044038	4908
1044040	2898
1044041	3698
1044064	4978
1044132	3517
1044169	2528
1044204	4018
1044211	4878
1044224	4079
1044397	3019
1044401	2838
1044402	4658
1044453	4478
1044509	3598
1044548	2988
1044602	3636
1044625	2959
1044663	4578
1044760	4808
1044868	2969
1044876	4457
1044877	4758
1044879	3118
1044896	3148
1045012	4668
1045022	2598
1045093	2878
1045115	2969
1045131	3008
1045189	4319
1045197	4768
1045245	4379
1045254	4309
1045316	3438
1045415	4978
1045424	4796
1045471	2969
1045551	3068
1045603	2518
1045613	4857
1045665	4706
1045713	2849
1045805	4138
1045823	4598
1045829	3788
1045830	4629
1045902	3977
1045973	4207
1046009	3167
1046165	2968
1046192	2957
1046239	4999
1046318	3988
1046344	4618
1046348	3888
1046351	4849
1046408	2568
1046446	3878
1046471	2947
1046489	2878
1046512	3618
1046526	2946
1046527	4597
1046554	4199
1046569	4158
1046581	2959
1046596	4258
1046599	4308
1046601	2888
1046637	3448
1046643	2938
1046654	3777
1046678	3658
1046681	3857
1046741	3027
1046748	4788
1046815	4218
1046856	4548
1046937	3248
1046984	3417
1046998	2888
1047004	4059
1047023	2537
1047067	3859
1047113	2888
1047124	3148
1047190	4629
1047262	3916
1047268	3657
1047391	3987
1047435	2788
1047500	2849
1047523	3897
1047528	3338
1047549	4358
1047585	4468
1047647	3658
1047665	4008
1047671	2698
1047679	3238
1047717	4206
1047822	4167
1047890	3178
1047986	3398
1048003	3008
1048011	4999
1048191	4079
1048249	3098
1048278	4198
1048314	2798
1048351	4077
1048365	4309
1048369	4287
1048427	4708
1048453	4338
1048457	2708
1048487	4927
1048492	2568
1048494	3768
1048531	4238
1048547	3418
1048554	3858
1048599	3128
1048626	3418
1048888	3318
1049001	3938
1049078	4846
1049115	3918
1049174	4579
1049221	2618
1049303	2849
1049306	3568
1049317	4949
1049324	4969
1049329	4347
1049330	3647
1049342	4456
1049382	4748
1049440	3608
1049464	3019
1049504	4116
1049537	3138
1049547	3118
1049560	4218
1049561	2788
1049572	3538
1049632	4576
1049658	3039
1049691	4279
1049728	4688
1049744	3298
1049811	3876
1049844	4726
1049860	2928
1049910	3558
1049925	3969
1050039	4998
1050074	3619
1050097	4148
1050126	4078
1050164	3038
1050174	3777
1050183	4049
1050191	4309
1050205	2788
1050208	2557
1050226	4898
1050238	4018
1050469	4048
1050499	4869
1050501	4328
1050518	2999
1050522	3529
1050527	3418
1050558	3308
1050559	3558
1050603	3138
1050625	2748
1050733	4657
1050740	3118
1050778	3688
1050796	4118
1050866	4238
1050881	2709
1050974	3068
1051003	2718
1051005	2989
1051038	3318
1051048	4738
1051076	4328
1051142	4307
1051160	4778
1051176	4458
1051234	3157
1051249	4969
1051258	4188
1051298	4319
1051324	2529
1051369	3348
1051439	4196
1051464	3718
1051524	4379
1051544	2748
1051579	3868
1051631	4199
1051686	4878
1051688	4008
1051769	4668
1051779	2648
1051880	4538
1051939	2969
1051953	3318
1051958	2858
1051999	2509
1052032	3318
1052077	2759
1052101	2529
1052102	3788
1052144	3258
1052182	2827
1052268	4767
1052281	4758
1052306	3198
1052370	4379
1052401	3218
1052414	4867
1052419	4958
1052464	3418
1052536	2878
1052539	3288
1052581	4748
1052659	3917
1052680	4838
1052682	4319
1052752	4888
1052821	2638
1052916	4606
1053115	4627
1053144	3368
1053167	4047
1053194	3918
1053241	4508
1053249	2799
1053250	4288
1053364	4049
1053449	4309
1053483	2508
1053545	4458
1053550	3019
1053569	2538
1053600	3928
1053631	3619
1053641	2546
1053682	4717
1053787	3736
1053833	4178
1053931	4878
1053952	3158
1053953	4299
1053962	4157
1054057	4857
1054077	2728
1054087	2737
1054162	4878
1054169	4579
1054239	3929
1054274	3118
1054282	4188
1054291	3308
1054378	4257
1054506	2689
1054510	3198
1054597	3009
1054615	3518
1054638	3039
1054841	4579
1054910	2898
1054913	4717
1054916	3327
1054943	2859
1054971	4178
1054984	2887
1055010	3908
1055062	4848
1055110	4918
1055116	3288
1055147	3776
1055173	4419
1055193	2958
1055198	3566
1055286	4218
1055328	4327
1055341	4059
1055365	3207
1055428	3079
1055433	3178
1055459	4579
1055486	2838
1055576	2759
1055580	3909
1055618	4927
1055673	4898
1055677	2708
1055710	2947
1055828	3719
1055886	4488
1055912	3587
1055922	2878
1056061	3418
1056085	3478
1056112	3018
1056126	3318
1056168	4069
1056221	2849
1056258	3008
1056275	3746
1056321	3019
1056353	4299
1056394	3528
1056484	3626
1056486	3868
1056542	2888
1056568	2888
1056609	4308
1056648	4237
1056671	4708
1056810	3909
1056813	3298
1056843	2968
1056852	2508
1056947	4607
1056956	4059
1056967	4518
1056977	4458
1056987	3927
1056998	2818
1057032	2788
1057040	4298
1057117	4548
1057238	3859
1057240	4066
1057343	3608
1057346	2898
1057352	2829
1057385	3858
1057443	4808
1057463	4328
1057484	2618
1057510	3908
1057558	3449
1057645	4969
1057666	4688
1057684	4238
1057715	4928
1057728	4218
1057770	3947
1057802	2969
1057806	4199
1057815	2679
1057871	2538
1057880	4906
1057926	4268
1057953	4507
1058011	3019
1058082	4587
1058388	4468
1058403	4406
1058416	3167
1058537	2627
1058548	3838
1058556	4019
1058593	3618
1058676	3898
1058758	3378
1058772	4168
1058783	4349
1058948	3358
1058972	4588
1059001	3427
1059143	4568
1059187	3168
1059213	3247
1059251	3728
1059283	4319
1059294	2529
1059378	4079
1059397	2989
1059432	4958
1059479	3767
1059520	4059
1059567	3618
1059598	4548
1059635	4768
1059646	4007
1059649	2808
1059671	4079
1059701	3146
1059742	4719
1059776	3738
1059815	2928
1059868	3488
1059878	3039
1059918	3237
1059988	4049
1059999	2606
1060040	3977
1060085	4638
1060088	4958
1060116	4598
1060167	3608
1060173	2648
1060230	2829
1060237	3227
1060242	3888
1060325	4079
1060381	4104
1060398	4079
1060399	4629
1060449	2599
1060505	3338
1060526	3488
1060545	3128
1060710	3186
1060712	3117
1060734	4719
1060737	4058
1060744	4079
1060876	4867
1060931	3777
1060932	3497
1061069	4748
1061095	4108
1061104	4019
1061119	3758
1061167	3845
1061183	4287
1061219	4435
1061256	4746
1061295	2548
1061298	4629
1061301	4426
1061352	2737
1061390	4629
1061443	4178
1061573	4039
1061585	3688
1061592	2969
1061633	3378
1061683	3348
1061697	3378
1061732	4428
1061745	4079
1061762	2768
1061834	3888
1061840	4548
1061904	4627
1061912	3459
1061975	4485
1061978	3378
1061991	2939
1062043	3738
1062081	4396
1062124	4258
1062131	3118
1062152	3548
1062221	2989
1062230	3708
1062241	4708
1062279	4708
1062303	4308
1062318	4936
1062352	3318
1062446	3009
1062458	2908
1062466	2897
1062467	4949
1062489	4049
1062551	2989
1062686	3738
1062715	3228
1062720	3008
1062860	3927
1062928	4936
1062953	3188
1062967	2509
1062982	3568
1063006	3578
1063031	3198
1063072	2518
1063089	2969
1063102	4838
1063124	2988
1063152	4428
1063183	3668
1063221	2797
1063234	4958
1063254	3027
1063278	3079
1063283	4079
1063312	4678
1063321	4197
1063372	3997
1063377	4838
1063417	2848
1063471	4268
1063489	2978
1063502	4886
1063535	3628
1063578	3537
1063595	4079
1063653	3009
1063750	4828
1063756	3588
1063802	4999
1063807	4588
1063812	4049
1063850	4059
1063946	3227
1063955	2799
1064049	4079
1064094	4499
1064108	2679
1064111	3718
1064132	4438
1064162	4328
1064200	4059
1064213	4228
1064219	4558
1064241	4079
1064252	3029
1064280	4918
1064300	2829
1064382	4497
1064384	3558
1064401	4629
1064402	4059
1064439	4598
1064467	4128
1064512	2509
1064541	2509
1064599	3408
1064610	2619
1064620	2969
1064625	2728
1064655	3909
1064692	3617
1064697	4059
1064782	4778
1064789	3949
1064858	2688
1064863	4888
1064930	3287
1065068	2666
1065093	4579
1065108	3848
1065126	4898
1065130	3368
1065154	4019
1065265	4598
1065266	4868
1065282	3228
1065283	2948
1065293	3868
1065382	4837
1065418	4606
1065460	3418
1065478	4199
1065484	3218
1065504	4199
1065515	3318
1065535	2948
1065543	2857
1065577	2969
1065587	3068
1065673	4728
1065726	4059
1065728	2918
1065735	4329
1065752	4228
1065774	3228
1065819	3148
1065825	2849
1065846	3398
1065886	3449
1065933	4509
1065983	4558
1066013	4948
1066033	3969
1066100	4678
1066157	2999
1066188	2668
1066302	3718
1066321	3518
1066345	2648
1066363	2839
1066470	2688
1066484	3387
1066490	4238
1066546	3026
1066549	4778
1066713	4968
1066728	4067
1066730	4188
1066731	4778
1066741	4288
1066792	4828
1066840	4167
1066916	4288
1066934	4447
1066944	2989
1066954	2978
1066963	4459
1066970	4638
1067014	3969
1067015	4138
1067122	4368
1067143	2839
1067282	4727
1067329	2969
1067355	4697
1067367	4217
1067373	2898
1067544	4329
1067564	3758
1067656	2716
1067668	3079
1067694	2717
1067733	3859
1067784	4668
1067791	4696
1067795	3548
1067890	3459
1067920	4808
1068034	3158
1068062	3969
1068091	2827
1068114	4718
1068140	3909
1068145	3079
1068147	4127
1068239	3728
1068240	4866
1068258	2658
1068274	3068
1068278	3949
1068303	3648
1068310	4059
1068320	4949
1068374	3618
1068497	3578
1068513	4087
1068519	4379
1068529	3368
1068538	2758
1068576	4788
1068613	3027
1068764	2529
1068772	2758
1068777	3208
1068806	3556
1068818	3528
1068831	3728
1068925	3608
1068962	3698
1068979	2608
1069039	2969
1069050	4716
1069056	4548
1069128	2847
1069154	4488
1069287	4808
1069363	4748
1069366	3658
1069562	4438
1069641	2658
1069671	3578
1069706	3949
1069739	4059
1069753	2637
1069867	4467
1069920	4079
1069946	4828
1069987	3758
1070130	4767
1070157	2988
1070177	4728
1070191	4676
1070301	4299
1070313	2599
1070329	3678
1070349	3588
1070429	4978
1070503	4587
1070511	2898
1070572	3568
1070607	3498
1070627	4019
1070634	3578
1070650	3756
1070786	3918
1070789	2728
1070811	2809
1070889	4547
1070904	2598
1070926	3387
1070939	2809
1071018	3847
1071051	4056
1071109	2637
1071139	3987
1071166	3637
1071175	4457
1071212	4158
1071268	4978
1071336	2618
1071346	2888
1071352	4337
1071404	2698
1071449	4427
1071518	2959
1071526	3498
1071530	3178
1071545	4687
1071571	2969
1071628	4997
1071647	3678
1071651	3348
1071705	4818
1071722	3927
1071727	3378
1071746	4057
1071794	4358
1071819	4598
1071879	4606
1071956	3017
1072041	3737
1072093	4935
1072137	3468
1072139	3298
1072151	3918
1072215	4734
1072224	4807
1072282	2918
1072284	2948
1072289	3079
1072300	2877
1072303	3638
1072313	2588
1072327	2878
1072340	4648
1072345	3448
1072382	3909
1072387	3858
1072404	3108
1072411	4508
1072413	4838
1072472	4927
1072473	4208
1072504	2916
1072511	2627
1072545	2908
1072563	3787
1072581	3619
1072629	3318
1072648	4758
1072657	4059
1072663	2939
1072678	2599
1072718	4199
1072743	2509
1072770	3998
1072790	4949
1072791	3638
1072820	4558
1072870	4508
1072872	4828
1072936	3517
1073058	2529
1073099	2648
1073239	4708
1073289	3697
1073376	3437
1073394	4998
1073395	2948
1073452	4039
1073509	3859
1073557	4528
1073558	2517
1073595	4827
1073611	3338
1073786	3906
1073829	3767
1073836	4079
1073873	3068
1073891	4418
1073924	3908
1073959	4178
1074043	2788
1074074	3628
1074090	4349
1074121	2977
1074132	3448
1074177	4667
1074217	4077
1074384	4969
1074489	3917
1074528	4419
1074564	4958
1074577	4198
1074579	4178
1074589	3619
1074590	4638
1074632	3019
1074656	3488
1074684	3619
1074801	4138
1074820	4199
1074877	4767
1074972	3128
1074980	4418
1075056	4288
1075074	2768
1075130	2529
1075179	2999
1075196	3318
1075213	4458
1075226	2959
1075239	3528
1075295	2738
1075300	4007
1075330	4077
1075338	2778
1075350	4418
1075376	3878
1075422	2986
1075443	2777
1075610	4279
1075647	4908
1075668	3477
1075682	3328
1075808	3218
1075809	3929
1075946	3098
1075947	3218
1076100	4688
1076126	2779
1076157	2619
1076170	4368
1076174	4468
1076203	4826
1076290	4088
1076424	3217
1076436	2659
1076455	4019
1076481	4347
1076495	4199
1076517	3909
1076550	3288
1076556	3079
1076594	4916
1076637	4086
1076680	3078
1076684	4488
1076719	3037
1076728	3487
1076756	4309
1076826	4579
1076845	3478
1076871	4827
1076874	3468
1076883	4658
1076935	4918
1077053	4428
1077136	3348
1077180	4448
1077201	4526
1077225	2648
1077236	2678
1077254	3528
1077311	2989
1077378	4478
1077390	2988
1077406	2987
1077429	3449
1077444	4059
1077461	4466
1077517	2829
1077529	2508
1077539	3788
1077540	3008
1077585	3537
1077618	4598
1077717	4838
1077725	4637
1077754	4059
1077762	4518
1077832	3009
1077857	3619
1077880	4309
1077892	3088
1077943	2859
1077949	4117
1078013	3357
1078057	2979
1078086	2619
1078087	3777
1078236	4128
1078289	3078
1078316	2879
1078323	3877
1078332	4437
1078369	4079
1078405	4418
1078465	3428
1078476	4116
1078554	2688
1078585	4618
1078593	2588
1078608	4059
1078612	2518
1078632	4447
1078643	4478
1078670	3188
1078685	3297
1078713	3457
1078764	2969
1078869	3038
1078877	4758
1078893	4607
1078909	4928
1079068	2959
1079092	4688
1079108	2548
1079112	4969
1079131	4855
1079183	4157
1079269	4299
1079315	3568
1079429	3748
1079444	4438
1079522	4288
1079567	4438
1079584	2509
1079595	4048
1079630	3378
1079639	2999
1079713	2599
1079731	3577
1079772	4698
1079798	3079
1079815	2557
1079830	2878
1079841	4227
1079857	3308
1079921	3928
1079969	4949
1080003	2989
1080004	3957
1080026	4379
1080034	4127
1080081	2928
1080157	3698
1080196	3118
1080232	3888
1080296	3368
1080308	3798
1080325	3698
1080333	3308
1080340	4019
1080344	3298
1080418	3519
1080470	3548
1080520	4036
1080534	3178
1080586	4537
1080612	4128
1080623	4279
1080648	4978
1080677	2527
1080688	2959
1080741	3568
1080833	4766
1080890	3019
1080901	2998
1080909	4348
1080961	4688
1081075	3318
1081136	3838
1081201	4158
1081219	3568
1081334	4239
1081410	3688
1081435	4948
1081455	3797
1081481	3698
1081493	3348
1081496	4319
1081518	4278
1081525	4587
1081573	3698
1081584	4019
1081637	4707
1081657	3107
1081679	3079
1081744	4038
1081748	4338
1081850	3228
1081859	3859
1081860	3417
1081869	2808
1081902	2679
1081933	3478
1081941	4077
1082005	2969
1082072	3656
1082109	4678
1082171	4498
1082253	4378
1082273	3039
1082299	3768
1082316	4296
1082372	2999
1082373	3067
1082391	2758
1082401	2679
1082427	4227
1082530	3808
1082553	3318
1082578	4618
1082585	3488
1082614	3898
1082674	3588
1082699	3079
1082718	2767
1082936	4398
1083005	2908
1083016	3688
1083053	3898
1083101	3318
1083116	3146
1083150	3859
1083163	4878
1083164	2648
1083219	4019
1083238	3909
1083303	3418
1083380	3638
1083408	4576
1083410	4279
1083412	3308
1083415	3828
1083467	4969
1083479	3458
1083505	3498
1083514	2558
1083639	4597
1083733	4398
1083746	3818
1083788	3909
1083842	2818
1083848	4668
1083950	4538
1083969	3387
1083977	4908
1083998	4049
1084010	4059
1084018	3388
1084030	4968
1084050	4617
1084124	2959
1084153	3737
1084171	4956
1084268	4858
1084332	3078
1084340	4768
1084355	4279
1084435	4707
1084462	4428
1084480	3027
1084492	3638
1084496	3357
1084532	3907
1084585	3038
1084614	4298
1084695	4518
1084705	4427
1084764	3747
1084765	3518
1084766	3307
1084779	3848
1084824	2568
1084825	4448
1084874	3908
1084945	4969
1085026	3009
1085142	4198
1085161	4428
1085170	3188
1085212	3948
1085277	4059
1085287	2529
1085288	3968
1085323	3398
1085415	4059
1085455	4138
1085557	3037
1085625	4868
1085653	3748
1085677	3758
1085685	4279
1085691	4448
1085734	3026
1085737	4159
1085757	2918
1085791	4869
1085827	4949
1085860	2709
1085918	4958
1085970	3898
1085980	3819
1086004	4079
1086049	4457
1086078	2959
1086105	2979
1086167	3078
1086180	4287
1086207	4838
1086213	3378
1086254	3298
1086255	4137
1086278	4969
1086338	2959
1086363	4079
1086367	3228
1086418	3878
1086423	2879
1086449	3978
1086534	2689
1086552	4228
1086644	4688
1086647	4017
1086686	2608
1086700	2989
1086775	2959
1086786	3048
1086796	2929
1086849	2538
1086854	4999
1086865	4917
1086934	3859
1086981	3976
1086983	3958
1087016	2668
1087019	3017
1087022	3088
1087039	3039
1087092	3016
1087115	4108
1087150	2817
1087196	2709
1087202	4287
1087262	3688
1087285	3557
1087317	2509
1087369	3488
1087382	3619
1087400	4248
1087428	3198
1087446	4026
1087464	3168
1087470	2818
1087678	4788
1087697	4499
1087767	3179
1087803	2979
1087837	3307
1087882	2948
1087896	4488
1087946	4518
1087952	4167
1087991	2618
1088120	3088
1088149	3888
1088165	2706
1088188	2926
1088235	4419
1088252	2919
1088278	4926
1088454	4827
1088456	4228
1088457	4969
1088475	2839
1088498	3338
1088501	2567
1088524	3658
1088586	3009
1088703	3619
1088732	4248
1088775	2679
1088776	2618
1088796	3167
1088908	2529
1088939	4718
1088963	2638
1088984	4878
1089092	2856
1089100	3638
1089121	3598
1089123	3039
1089172	2838
1089260	4949
1089316	3748
1089369	4348
1089389	3688
1089410	4978
1089452	3328
1089591	3728
1089640	4027
1089649	4978
1089657	4258
1089712	2679
1089724	2698
1089827	4947
1089894	3398
1089898	3078
1089907	2759
1090024	4279
1090065	4019
1090100	4948
1090192	4059
1090208	4476
1090260	4868
1090316	4117
1090323	2879
1090328	4227
1090332	3438
1090357	4948
1090380	4019
1090409	3048
1090453	4656
1090479	4548
1090515	4038
1090599	4828
1090649	4677
1090745	3237
1090788	4997
1090844	3888
1090848	4069
1090891	4019
1090957	3208
1090978	3858
1090998	4177
1090999	4898
1091015	3838
1091020	4218
1091041	3218
1091130	4967
1091153	4059
1091313	4137
1091381	2548
1091455	4949
1091500	4059
1091507	3638
1091619	2688
1091635	3128
1091640	4758
1091651	3038
1091654	3868
1091663	3936
1091689	4367
1091693	2618
1091697	2758
1091700	2948
1091729	3588
1091754	3338
1091793	4667
1091814	4328
1091978	4629
1092039	4059
1092054	3788
1092086	2878
1092211	4079
1092303	2848
1092398	3859
1092446	3378
1092565	4736
1092570	3068
1092633	4818
1092663	4868
1092698	3318
1092729	3308
1092788	4498
1092818	2688
1092858	3647
1092860	3079
1092869	2879
1092906	2608
1092929	2608
1092934	3298
1093037	3328
1093042	4978
1093047	2548
1093054	4088
1093062	3108
1093113	3518
1093126	4588
1093177	2849
1093191	3148
1093192	4949
1093207	3458
1093225	3618
1093226	3327
1093463	3088
1093483	3096
1093514	4058
1093515	4949
1093530	3688
1093573	4158
1093708	4947
1093743	2888
1093752	4079
1093846	2648
1093860	3187
1093869	4968
1093934	3898
1093970	3969
1093995	2529
1094002	2738
1094022	2768
1094051	4058
1094055	2849
1094058	2529
1094072	3647
1094107	4667
1094190	3638
1094234	3918
1094320	4118
1094342	3079
1094397	2849
1094416	3418
1094426	2999
1094532	4766
1094604	4638
1094667	3528
1094671	4578
1094674	3726
1094735	3448
1094792	3838
1094800	4687
1094811	4028
1094816	3388
1094847	3079
1094850	4337
1094880	4608
1094914	4049
1094919	3238
1094945	4728
1094986	3948
1095100	2928
1095101	4338
1095115	3088
1095154	4787
1095169	4428
1095220	2598
1095260	2717
1095300	3157
1095313	3428
1095323	2608
1095331	3268
1095416	4237
1095433	2989
1095466	4417
1095506	3698
1095586	3079
1095597	3418
1095605	4869
1095625	2689
1095633	4878
1095641	2849
1095707	2748
1095733	3357
1095748	4537
1095860	4988
1095919	3388
1096072	4279
1096119	3758
1096146	3068
1096217	2959
1096227	3818
1096276	4688
1096277	3458
1096313	2658
1096333	2748
1096366	4578
1096411	2929
1096428	3787
1096496	3949
1096557	4236
1096576	3168
1096631	4476
1096686	3048
1096689	4868
1096784	3718
1096906	3438
1097003	4509
1097005	3968
1097010	4938
1097079	4087
1097086	4318
1097095	4738
1097097	4908
1097114	2939
1097247	3949
1097267	4626
1097284	3679
1097339	4197
1097378	4826
1097388	3519
1097496	4598
1097544	2818
1097552	3458
1097716	2648
1097726	3328
1097922	4199
1097944	2838
1097981	4079
1098015	2999
1098026	2727
1098028	3038
1098039	2758
1098081	3467
1098164	2758
1098196	4988
1098218	3248
1098219	3568
1098238	2568
1098243	3848
1098309	4807
1098346	4768
1098360	2798
1098390	2678
1098417	4869
1098426	4459
1098502	3558
1098524	2689
1098629	4019
1098639	2518
1098663	4228
1098666	3538
1098723	3228
1098741	3608
1098767	2757
1098776	4438
1098798	3528
1098807	4329
1098815	4079
1098905	3728
1098933	3658
1098953	3867
1099128	4238
1099168	4128
1099176	4058
1099242	3868
1099252	4969
1099282	4087
1099343	2989
1099348	2758
1099413	2628
1099433	2849
1099522	3028
1099643	3498
1099714	2987
1099762	4328
1099942	3668
1100027	3058
1100043	4238
1100062	3598
1100136	4508
1100151	2618
1100157	4288
1100173	4079
1100192	4297
1100222	4059
1100238	2738
1100241	4379
1100307	2868
1100320	2719
1100386	4638
1100417	4628
1100431	2818
1100495	3897
1100496	4059
1100514	3608
1100611	3079
1100631	4057
1100663	4888
1100665	2529
1100690	3538
1100697	2796
1100760	4598
1100793	2678
1100808	4079
1100834	4136
1100907	4237
1100920	3807
1100972	2637
1100996	3258
1101040	4886
1101046	3388
1101162	4079
1101211	3878
1101269	4048
1101283	3228
1101295	3768
1101349	3458
1101351	4329
1101356	3757
1101379	4098
1101380	2969
1101412	3298
1101457	3928
1101514	3318
1101524	3198
1101597	2799
1101730	2879
1101747	3957
1101938	2968
1101954	2687
1101956	4208
1101968	4019
1101970	4207
1102091	3619
1102096	3498
1102164	3909
1102214	3308
1102242	4898
1102252	2928
1102257	3678
1102316	4299
1102339	4578
1102437	3736
1102507	3019
1102529	4408
1102565	3237
1102669	3028
1102680	4658
1102683	3507
1102685	2528
1102722	3548
1102799	3158
1102840	4828
1102856	2999
1102868	2598
1102872	2828
1102902	4238
1102908	3818
1102988	3438
1103067	3318
1103073	4167
1103097	3457
1103271	3148
1103408	2817
1103438	3937
1103571	3918
1103607	3009
1103651	2917
1103700	4348
1103722	4059
1103734	3648
1103832	4988
1103856	4319
1103891	3776
1104107	4718
1104112	4468
1104119	3009
1104133	3098
1104151	4199
1104165	3707
1104265	4329
1104363	3978
1104371	3628
1104396	3908
1104450	3608
1104533	3886
1104545	3398
1104560	2879
1104631	3258
1104663	2959
1104676	4818
1104684	4237
1104688	4508
1104731	4419
1104743	2868
1104854	2588
1104916	4288
1104938	2568
1105032	3148
1105047	4969
1105055	4079
1105056	3538
1105115	4299
1105177	4428
1105205	4868
1105386	3538
1105417	2698
1105426	3917
1105441	3257
1105463	4208
1105516	2648
1105534	4728
1105574	3408
1105576	3718
1105656	3949
1105660	3298
1105751	3207
1105803	3648
1105831	4927
1105838	3957
1105871	2529
1105931	3198
1106005	2979
1106015	2968
1106106	4309
1106339	4629
1106351	4719
1106395	4059
1106407	4557
1106408	2548
1106572	4497
1106599	2968
1106613	4019
1106614	2598
1106696	4327
1106725	4428
1106729	3688
1106747	3358
1106792	4396
1106819	4438
1106859	4127
1106956	4217
1106986	3909
1106992	4756
1106994	3968
1107053	3019
1107104	3906
1107118	2548
1107128	4488
1107201	3398
1107210	4387
1107265	3398
1107304	3068
1107324	3909
1107339	3649
1107373	3868
1107385	4578
1107470	3178
1107527	2509
1107535	4239
1107543	4238
1107594	3888
1107635	4319
1107637	3747
1107740	3619
1107789	4168
1107806	2989
1107810	4048
1107814	4048
1107861	2799
1107897	4405
1108009	2676
1108044	2938
1108053	3859
1108144	2928
1108162	4778
1108198	4307
1108267	4379
1108302	4327
1108309	3968
1108376	4866
1108414	4079
1108568	2939
1108569	2879
1108617	3458
1108659	4938
1108699	2529
1108783	3658
1108812	4079
1108830	3148
1108845	3488
1108857	4545
1108867	2989
1108926	4368
1108929	3716
1109033	3098
1109054	3366
1109092	4628
1109125	2778
1109138	4818
1109192	2529
1109223	3727
1109312	4107
1109339	4629
1109346	4147
1109444	2817
1109479	4079
1109560	4938
1109588	2898
1109600	3517
1109643	4049
1109678	4738
1109708	4027
1109760	4277
1109766	3459
1109794	4458
1109879	2908
1109915	2939
1109958	3008
1109974	4958
1109980	2999
1109984	2809
1110066	4198
1110093	2568
1110172	2668
1110194	2828
1110253	3928
1110262	3217
1110316	2989
1110321	4888
1110342	4818
1110343	3188
1110353	4279
1110370	3768
1110374	3728
1110403	3038
1110417	2847
1110431	3858
1110452	4348
1110458	3759
1110574	4817
1110665	3628
1110871	3478
1110902	3777
1110922	3358
1110951	3638
1111058	4508
1111095	3138
1111098	4498
1111118	2918
1111123	3647
1111165	3558
1111179	3019
1111275	3238
1111317	4019
1111325	4938
1111335	2847
1111336	2529
1111346	3578
1111356	2958
1111358	2608
1111360	4949
1111364	3558
1111430	4698
1111491	4798
1111496	4197
1111566	3518
1111578	2708
1111597	3947
1111636	3929
1111755	4518
1111767	4987
1111799	4308
1111803	4958
1111891	2588
1111894	4828
1111900	2528
1111914	2748
1111922	2599
1111969	3388
1112021	4248
1112093	2648
1112150	3548
1112208	3706
1112246	2578
1112285	4908
1112286	4999
1112291	4059
1112313	4438
1112377	3008
1112590	3168
1112638	4019
1112653	3768
1112706	4999
1112732	4288
1112748	3508
1112804	3337
1112818	3787
1112821	4508
1112878	4587
1112892	3617
1112899	3978
1112906	4638
1112942	4268
1113008	4218
1113033	4848
1113034	3038
1113139	3198
1113239	3186
1113246	2979
1113324	3026
1113338	4737
1113446	3058
1113500	3009
1113529	4419
1113530	4379
1113560	4887
1113568	4706
1113610	3028
1113646	4268
1113660	4448
1113677	2619
1113702	3946
1113711	4748
1113716	3288
1113728	3998
1113790	2849
1113797	2608
1113897	4336
1113969	3178
1113994	2619
1114049	3828
1114055	2768
1114100	2607
1114104	2588
1114177	4498
1114218	3928
1114340	2898
1114379	3358
1114397	4818
1114455	4517
1114507	4079
1114600	2909
1114618	4848
1114622	3728
1114684	4908
1114723	3138
1114772	3817
1114787	3928
1114809	2779
1114828	4967
1114841	3238
1114847	4338
1114849	3908
1114996	3438
1115006	4579
1115035	3408
1115037	2989
1115073	2929
1115082	4266
1115087	4986
1115151	2979
1115207	3737
1115217	2728
1115221	3039
1115233	3898
1115313	3418
1115345	3258
1115422	3458
1115434	2808
1115457	4726
1115542	4478
1115569	4938
1115587	2758
1115615	4078
1115638	4938
1115716	4059
1115795	4798
1115831	4217
1115858	4318
1115955	4108
1115967	4065
1115986	4329
1116010	3198
1116045	2989
1116114	3588
1116129	4059
1116144	3378
1116270	3348
1116340	4438
1116359	3619
1116400	2568
1116403	4496
1116434	4629
1116479	3137
1116481	4478
1116487	4017
1116502	2999
1116627	3718
1116641	4379
1116659	2558
1116721	3679
1116731	2938
1116759	3466
1116884	4267
1117126	3278
1117184	3079
1117226	4138
1117248	2999
1117291	4956
1117323	4878
1117391	3548
1117413	2879
1117415	2728
1117534	4488
1117545	4199
1117564	4048
1117572	3039
1117619	2668
1117632	4228
1117706	4877
1117770	4677
1117845	4585
1117863	3009
1117894	2758
1117895	4718
1117962	2678
1117984	4019
1118068	3955
1118084	2759
1118097	4088
1118211	3267
1118228	4598
1118247	4456
1118262	4436
1118285	2538
1118310	4118
1118471	2928
1118506	3438
1118536	3188
1118556	4279
1118626	3929
1118648	3658
1118653	3658
1118674	3608
1118721	4379
1118749	3678
1118769	4348
1118844	4949
1118845	3128
1118856	4958
1118879	4767
1118888	3208
1118901	4349
1118907	4969
1118924	2678
1119085	3756
1119157	2907
1119167	4218
1119303	3888
1119311	2989
1119344	4138
1119372	3459
1119457	3055
1119494	2759
1119639	2839
1119652	2879
1119673	2859
1119973	4678
1120000	3616
1120020	4949
1120111	3098
1120182	4468
1120191	2999
1120261	2976
1120263	4928
1120303	4059
1120342	3208
1120458	4478
1120469	4056
1120490	2969
1120495	3628
1120501	3368
1120628	4208
1120822	4248
1120828	4379
1120910	3288
1120966	2969
1120997	4738
1121121	3707
1121142	3948
1121146	3079
1121147	4237
1121194	3857
1121220	3148
1121342	3019
1121393	3859
1121410	4348
1121416	3619
1121434	3759
1121476	3277
1121632	4456
1121651	2737
1121656	3248
1121700	3008
1121769	4309
1121809	2788
1121827	3258
1121837	4448
1121854	3909
1121863	2849
1121865	4408
1121867	2849
1121907	4858
1121942	3838
1122042	4718
1122057	4118
1122096	4579
1122099	3568
1122157	3938
1122162	3458
1122164	3728
1122195	3776
1122255	3619
1122331	4758
1122358	3107
1122435	4978
1122440	4218
1122449	4958
1122493	2918
1122495	4718
1122589	4464
1122598	3989
1122709	4516
1122757	4596
1122810	3757
1122814	3019
1122868	4147
1122925	3957
1122958	2568
1122981	4968
1122991	3358
1123004	3598
1123020	2648
1123022	3378
1123036	3678
1123056	2969
1123057	4858
1123075	4059
1123109	2929
1123112	4267
1123216	4398
1123251	4158
1123380	2919
1123437	2999
1123534	4958
1123640	4096
1123675	4137
1123706	4917
1123735	3577
1123751	3859
1123761	3748
1123771	4597
1123892	4019
1124038	2509
1124060	4788
1124062	4088
1124128	4338
1124195	2509
1124240	3158
1124253	2969
1124270	3009
1124280	3488
1124311	4028
1124326	4719
1124328	3519
1124365	3797
1124376	3668
1124421	3098
1124466	4268
1124651	2738
1124667	4498
1124713	3619
1124718	4019
1124796	3019
1124808	4228
1124814	3428
1124860	3776
1124898	2898
1124940	3327
1124944	2878
1124949	4379
1124955	3867
1124959	4567
1125033	4518
1125069	3978
1125114	4898
1125116	2538
1125165	3538
1125171	2758
1125229	2969
1125235	2849
1125238	3468
1125243	3927
1125259	2868
1125308	4138
1125334	2508
1125396	4479
1125431	2718
1125450	4037
1125469	2958
1125479	4168
1125500	3078
1125518	4598
1125528	4349
1125535	2757
1125578	2808
1125593	3237
1125743	4268
1125814	4869
1125816	4388
1125827	4796
1125951	3198
1125962	3038
1125979	4556
1126025	3688
1126046	3338
1126059	4047
1126177	4358
1126196	2998
1126279	4309
1126317	2648
1126352	2838
1126398	4069
1126416	3357
1126539	3838
1126546	3619
1126578	3398
1126637	3307
1126758	2608
1126792	3406
1126934	4437
1126974	3478
1127035	4039
1127040	3678
1127132	2659
1127199	3969
1127216	4477
1127256	4547
1127319	2968
1127356	4638
1127517	3917
1127524	3138
1127539	4617
1127561	3538
1127619	3058
1127682	3888
1127794	2768
1127919	3438
1127968	4986
1127997	2598
1128045	4797
1128144	2999
1128152	4408
1128153	2968
1128243	3698
1128248	4629
1128271	2998
1128477	2648
1128486	4438
1128684	2788
1128689	3077
1128770	4448
1128783	2659
1128802	4336
1128813	3418
1128842	4558
1128863	4068
1128914	4347
1128976	3538
1129058	4968
1129125	4117
1129186	2838
1129200	4309
1129226	3058
1129269	3228
1129354	4747
1129404	2727
1129559	3708
1129599	4079
1129613	3416
1129618	2588
1129654	4949
1129676	3148
1129787	4938
1129898	3738
1129914	2957
1129953	4019
1129962	2768
1129982	2718
1130019	3088
1130055	2989
1130075	4719
1130174	4978
1130175	4748
1130231	3168
1130300	4226
1130334	2578
1130349	2588
1130411	3909
1130443	4048
1130549	4367
1130564	3249
1130568	3737
1130585	4748
1130619	2588
1130622	3478
1130647	3358
1130653	2677
1130662	3249
1130818	3458
1130835	4747
1130902	4019
1130904	3176
1130907	4079
1130941	4487
1130968	2518
1130982	3737
1131029	3928
1131048	4778
1131061	4588
1131105	3888
1131142	3588
1131201	4487
1131229	3608
1131242	2647
1131304	3748
1131322	2599
1131330	4898
1131401	4498
1131438	4949
1131474	4949
1131557	2849
1131600	3929
1131603	2909
1131618	4918
1131622	3278
1131623	3418
1131731	4186
1131761	3428
1131791	4608
1131827	4957
1131873	2928
1131900	3079
1131946	3859
1132001	2989
1132055	4638
1132077	4946
1132078	2578
1132099	4048
1132133	3887
1132164	4059
1132167	4079
1132232	4908
1132321	3978
1132328	4408
1132360	3909
1132364	4738
1132377	4279
1132520	4368
1132563	2848
1132584	3447
1132613	4059
1132642	4587
1132684	4388
1132698	2979
1132702	4337
1132712	3478
1132715	3649
1132752	4138
1132767	4966
1132804	2528
1132857	4999
1132858	3458
1132908	4268
1132925	4949
1132961	2929
1132975	4507
1132994	2689
1133002	4276
1133014	2748
1133048	3538
1133061	4916
1133082	4079
1133197	3888
1133200	2928
1133202	3458
1133211	3095
1133219	2679
1133227	4466
1133228	4518
1133230	4319
1133303	3977
1133307	3827
1133415	3347
1133436	4708
1133491	2529
1133500	4286
1133540	2999
1133573	2698
1133643	3127
1133646	3949
1133660	4418
1133678	4059
1133713	4368
1133776	3817
1133791	2558
1133814	4038
1133845	3538
1133867	3619
1133885	4918
1133993	3318
1134040	3178
1134046	4059
1134047	3747
1134052	3067
1134159	3148
1134173	4768
1134192	4728
1134195	4526
1134215	3008
1134276	4128
1134300	3019
1134424	3839
1134452	4708
1134522	3079
1134613	4706
1134621	4948
1134624	3488
1134634	2898
1134644	2879
1134653	3408
1134709	3987
1134714	4688
1134761	4188
1134793	2678
1134801	4088
1134875	3728
1134951	4847
1135008	3288
1135050	2858
1135057	4426
1135077	4118
1135092	4548
1135134	4999
1135211	3459
1135278	3657
1135283	3277
1135293	4606
1135313	2687
1135323	3258
1135356	4698
1135382	3208
1135393	4028
1135395	3236
1135409	3398
1135480	2969
1135526	2518
1135530	2859
1135547	4607
1135555	2689
1135608	3038
1135616	3848
1135626	2969
1135631	2968
1135646	4379
1135653	4978
1135742	4457
1135744	3848
1135754	2948
1135767	2878
1135784	2638
1135846	4545
1135859	2999
1135912	4118
1136062	4238
1136116	4626
1136177	4998
1136186	3638
1136216	2849
1136230	3427
1136246	3069
1136334	2689
1136344	2859
1136397	2638
1136400	4349
1136419	2759
1136528	2709
1136542	2778
1136554	3208
1136601	3268
1136624	3929
1136666	4628
1136759	4018
1136773	4017
1136788	2919
1136803	3009
1136862	3318
1137007	4066
1137038	3788
1137045	4419
1137051	4026
1137126	2849
1137172	2538
1137275	3088
1137304	3488
1137309	3278
1137315	3009
1137354	3529
1137399	2809
1137461	4808
1137569	2578
1137577	4358
1137582	3859
1137622	4617
1137690	4969
1137748	4199
1137907	3898
1137957	3587
1138086	4568
1138097	3949
1138124	3949
1138168	3448
1138182	4039
1138183	2879
1138231	2618
1138248	2807
1138366	3888
1138384	4019
1138522	4876
1138523	3009
1138613	4976
1138647	2849
1138675	4877
1138701	4178
1138704	3118
1138792	4658
1138814	3358
1138829	2687
1138926	2808
1138929	3607
1138962	3446
1138969	2688
1138985	3266
1139027	4507
1139157	2798
1139196	3807
1139434	3488
1139438	3168
1139478	3328
1139480	4908
1139481	3859
1139498	3078
1139516	3867
1139518	4329
1139540	4316
1139554	3678
1139655	4677
1139664	3418
1139694	2528
1139723	2599
1139743	4567
1139804	2938
1139852	2969
1139883	4138
1139903	2618
1139928	2787
1139939	4587
1139954	4317
1139992	3337
1140016	4348
1140049	4266
1140080	4078
1140115	4216
1140238	3428
1140250	4148
1140257	2888
1140262	3497
1140360	3688
1140445	4407
1140479	2758
1140545	4878
1140731	4188
1140736	3887
1140738	4758
1140764	3468
1140772	4307
1140795	2529
1140821	3047
1140830	3656
1140851	4279
1140878	4167
1140882	3859
1140921	4098
1140929	3478
1140964	2647
1141070	4088
1141192	2658
1141220	4448
1141250	2939
1141298	4986
1141299	3797
1141318	4579
1141319	4657
1141388	4288
1141410	2688
1141517	2987
1141596	4527
1141601	4329
1141619	4319
1141672	4978
1141734	4377
1141743	4969
1141793	3158
1141839	2907
1141843	2959
1141855	4748
1141887	4837
1141925	4816
1141986	3567
1142023	4658
1142048	2529
1142079	3367
1142081	4069
1142160	2779
1142192	3858
1142368	3466
1142403	3738
1142451	3048
1142474	2868
1142540	3178
1142574	4258
1142581	2816
1142594	4748
1142607	2968
1142638	3619
1142658	2558
1142678	2529
1142699	2709
1142708	2839
1142750	3997
1142783	4308
1142825	3857
1142863	3318
1142888	2587
1142932	4079
1142940	3759
1142980	4768
1143044	2738
1143063	4926
1143066	2598
1143084	4698
1143224	3938
1143322	3346
1143332	3358
1143444	4059
1143452	3016
1143470	4577
1143563	2979
1143564	2879
1143578	3458
1143581	2529
1143615	3859
1143641	3178
1143674	3398
1143755	3008
1143790	2599
1143801	4838
1143817	4828
1143926	3838
1143958	4418
1144002	2998
1144048	2777
1144164	3247
1144176	4408
1144207	2849
1144229	2968
1144261	4858
1144331	4299
1144354	4098
1144374	2509
1144390	3068
1144392	2668
1144397	4199
1144411	4618
1144477	4278
1144560	3517
1144647	3047
1144745	3238
1144788	4017
1144789	4969
1144900	4568
1144908	3163
1144933	3859
1145002	3048
1145007	3938
1145047	4818
1145051	3718
1145054	2808
1145155	3018
1145156	2778
1145241	3937
1145299	4218
1145379	4048
1145414	3728
1145418	4059
1145453	3106
1145462	4266
1145581	4896
1145583	4628
1145600	2588
1145612	2529
1145613	4588
1145666	4528
1145707	3308
1145713	3928
1145809	4949
1145925	4928
1145965	2808
1146077	2758
1146102	3859
1146104	2588
1146108	2879
1146109	3079
1146117	3778
1146140	2878
1146151	4059
1146167	2988
1146174	3898
1146197	4797
1146230	3098
1146313	2999
1146318	3598
1146401	4978
1146442	3606
1146458	3398
1146463	4059
1146464	3909
1146481	4825
1146487	4048
1146488	3079
1146500	4927
1146551	4069
1146577	4678
1146697	4648
1146720	3859
1146761	4309
1146764	4838
1146883	3688
1146993	4148
1147063	4918
1147084	3969
1147134	4538
1147206	3278
1147209	4628
1147312	4308
1147318	3278
1147376	4318
1147439	2659
1147444	4977
1147505	4618
1147522	3328
1147588	2588
1147648	4248
1147677	4949
1147850	2988
1147893	3909
1147903	3708
1147934	4357
1147941	2809
1147960	2859
1148097	4309
1148114	4279
1148167	4697
1148235	3048
1148271	3278
1148285	2848
1148342	3148
1148359	3478
1148465	2509
1148530	4547
1148536	2557
1148731	4888
1148761	3268
1148798	4538
1148832	3107
1148881	2959
1148943	4838
1148947	3208
1149079	2828
1149114	3488
1149129	3817
1149140	2529
1149146	4458
1149177	4048
1149184	4008
1149241	3128
1149242	4737
1149256	3198
1149259	3009
1149284	4419
1149288	3759
1149372	2948
1149384	4648
1149413	4459
1149426	4419
1149447	3657
1149457	4378
1149568	3859
1149579	4548
1149591	3898
1149645	3858
1149692	2679
1149717	3258
1149734	2627
1149776	4049
1149778	3138
1149820	3358
1149833	2648
1149889	3198
1149914	3977
1149922	4267
1149939	4328
1149941	4239
1150011	4688
1150018	4969
1150079	4618
1150088	3909
1150092	4558
1150184	3039
1150200	4518
1150249	4326
1150311	3759
1150360	3268
1150376	2809
1150451	4419
1150457	4967
1150462	4978
1150468	2799
1150502	4039
1150508	2879
1150517	2969
1150537	4428
1150551	4597
1150556	2709
1150628	2939
1150636	4059
1150640	3788
1150664	3588
1150687	3949
1150715	4396
1150745	4368
1150834	2608
1150841	3478
1150909	4777
1150973	4968
1150980	3797
1151033	2709
1151157	2778
1151220	2667
1151317	4008
1151425	2799
1151433	3488
1151480	3557
1151553	4067
1151567	2969
1151578	4487
1151585	4488
1151598	3398
1151603	4598
1151614	2628
1151650	3448
1151688	2598
1151710	4328
1151742	4969
1151794	2868
1151795	4677
1151800	3079
1151822	3168
1151916	4698
1151939	2668
1151950	4309
1151961	4888
1152098	4968
1152214	4368
1152225	3508
1152265	2838
1152270	4805
1152371	2809
1152433	2776
1152443	2847
1152502	3758
1152513	2918
1152567	2648
1152610	3388
1152620	4448
1152698	4059
1152712	3738
1152764	3658
1152814	2779
1152867	3078
1152875	2708
1153002	4579
1153036	3978
1153109	3566
1153147	4329
1153154	3058
1153179	4079
1153276	2989
1153326	2508
1153338	3067
1153375	2668
1153377	4379
1153391	4768
1153403	4148
1153411	3408
1153442	4828
1153444	4169
1153460	2738
1153481	4248
1153544	4938
1153577	3576
1153586	4088
1153592	4327
1153643	4298
1153654	3468
1153702	2837
1153903	4199
1153912	4977
1153992	4079
1154108	2509
1154116	3786
1154122	2708
1154191	3148
1154320	4918
1154370	2619
1154396	4448
1154408	4378
1154457	3758
1154487	4908
1154491	2969
1154499	4268
1154503	2529
1154560	4257
1154611	4509
1154656	3277
1154734	2787
1154749	4419
1154775	3909
1154845	3578
1154891	4316
1154938	4967
1154992	3909
1155019	4618
1155021	3468
1155047	4397
1155061	3098
1155063	3318
1155072	4407
1155100	3228
1155119	3449
1155131	4407
1155167	2759
1155171	3949
1155193	3648
1155342	4999
1155405	2968
1155409	2509
1155419	3839
1155451	2989
1155464	4286
1155470	3249
1155487	4498
1155549	4427
1155584	4368
1155605	4908
1155665	2658
1155748	3158
1155756	4787
1155762	4377
1155791	3677
1155795	4358
1155831	4658
1155870	4379
1155895	4778
1155905	3568
1155928	4467
1155970	4948
1155985	4878
1156006	3298
1156023	2989
1156068	3507
1156070	3247
1156097	3396
1156120	3788
1156140	2689
1156272	3929
1156274	2908
1156292	3976
1156294	4868
1156303	4688
1156352	4199
1156357	2968
1156439	4828
1156467	4978
1156576	4177
1156593	2508
1156624	2558
1156635	3198
1156648	3188
1156707	2848
1156761	4148
1156800	2989
1156818	4808
1156820	2888
1156902	4458
1156934	4828
1156988	4857
1157007	3938
1157054	2989
1157065	2969
1157070	4328
1157145	4297
1157158	4079
1157167	4346
1157177	4408
1157283	4379
1157359	4196
1157370	3438
1157391	3397
1157396	4708
1157586	4568
1157621	4697
1157667	4398
1157713	3079
1157751	4479
1157769	4528
1157792	3748
1157826	4368
1157838	3628
1157844	4488
1157872	2898
1157899	4418
1157956	2668
1157976	2989
1158083	4018
1158201	4228
1158216	2648
1158220	3258
1158241	3358
1158257	3157
1158320	4928
1158344	2929
1158408	2799
1158433	4678
1158458	3487
1158520	2509
1158555	2709
1158580	2799
1158605	3347
1158649	4067
1158655	3079
1158701	4888
1158758	3428
1158768	3507
1158772	3778
1158807	3358
1158837	2718
1158859	4048
1158912	2997
1158970	3929
1159017	4048
1159037	4696
1159041	4958
1159096	4159
1159147	2939
1159264	4199
1159322	4768
1159407	2678
1159454	3598
1159456	3288
1159517	3008
1159557	4079
1159610	3459
1159636	4347
1159797	2907
1159811	4708
1159815	4598
1159830	4279
1159904	4019
1159943	4579
1159985	4379
1160017	4898
1160040	3808
1160060	3498
1160081	3459
1160203	3318
1160249	4388
1160300	3677
1160312	3747
1160320	3398
1160471	2938
1160490	2817
1160500	2968
1160505	2989
1160593	3178
1160607	4448
1160723	3619
1160792	3448
1160811	3188
1160870	3518
1160882	2969
1160886	4728
1160911	3695
1161028	4328
1161033	3956
1161103	3929
1161116	2879
1161133	4068
1161178	2898
1161206	3076
1161260	2988
1161261	3519
1161269	4788
1161274	2958
1161283	4238
1161314	2509
1161334	2677
1161354	4079
1161540	2568
1161583	4358
1161593	4558
1161683	4169
1161778	4627
1161929	2777
1161956	2648
1162055	3897
1162072	3725
1162165	3398
1162170	4275
1162182	4367
1162195	3716
1162223	3228
1162259	3367
1162261	3148
1162263	2668
1162264	4328
1162291	3408
1162312	2969
1162319	3938
1162324	3568
1162353	4196
1162420	3926
1162426	4198
1162443	2908
1162474	3167
1162501	3448
1162599	3298
1162602	4588
1162698	3208
1162699	4379
1162709	3378
1162753	3436
1162761	4578
1162788	4318
1162815	4239
1162818	3168
1162844	4478
1162854	2708
1162896	4217
1162901	4517
1162920	4948
1162943	2618
1162948	2558
1162959	3548
1162960	2929
1162996	4579
1163023	2697
1163025	2679
1163030	3658
1163053	2959
1163066	3668
1163068	3958
1163101	3909
1163123	3958
1163148	3397
1163179	2509
1163229	2828
1163306	3138
1163308	4719
1163356	3449
1163372	2597
1163385	4499
1163415	4918
1163457	4538
1163463	2946
1163467	4719
1163562	4869
1163716	4798
1163749	3288
1163809	2918
1163818	2997
1163836	4059
1163869	4958
1163888	2588
1163893	2848
1163957	4949
1163968	3538
1163976	2898
1163978	3528
1163981	4856
1164021	4329
1164029	2558
1164047	3316
1164083	3619
1164094	3438
1164110	4147
1164213	2819
1164230	2929
1164258	3876
1164272	4788
1164294	4836
1164424	4458
1164448	3338
1164474	4199
1164480	2858
1164530	4708
1164608	3556
1164659	3647
1164705	4287
1164738	4059
1164753	3568
1164756	3568
1164917	4548
1165015	3368
1165082	4397
1165098	2777
1165106	4869
1165139	3096
1165172	4057
1165363	4527
1165371	2947
1165480	4638
1165504	2788
1165515	3758
1165522	4059
1165721	4627
1165817	3318
1165847	3698
1165899	3268
1166000	4338
1166076	2646
1166085	3718
1166113	4686
1166211	4778
1166266	3838
1166284	4367
1166340	4279
1166347	3679
1166350	4817
1166352	3188
1166377	4308
1166451	3808
1166468	2938
1166481	2988
1166544	3588
1166577	3459
1166613	4268
1166616	4848
1166629	3258
1166630	4967
1166645	4448
1166672	2939
1166699	4688
1166773	3588
1166819	3687
1166831	3619
1166841	4628
1166882	4258
1166962	3028
1166981	4156
1167019	4517
1167029	4858
1167058	4019
1167101	4578
1167184	2558
1167220	2989
1167297	4414
1167404	3418
1167421	4878
1167425	2648
1167469	3529
1167485	3448
1167510	4527
1167518	3328
1167562	4868
1167564	4877
1167571	4019
1167574	2878
1167639	2728
1167683	2958
1167819	3387
1167830	3838
1167861	3738
1167869	3237
1167896	3597
1167923	4148
1167965	3019
1167969	4888
1168054	2808
1168081	3038
1168105	3748
1168117	4167
1168167	3347
1168202	2548
1168215	3488
1168237	4286
1168275	3428
1168287	4847
1168329	3118
1168365	2689
1168435	4869
1168441	3738
1168456	3108
1168470	4719
1168553	2988
1168588	3988
1168594	4428
1168599	3756
1168648	4737
1168652	3336
1168661	4068
1168679	3038
1168710	3818
1168794	2849
1168807	2817
1168830	2528
1168932	3028
1168942	2758
1169017	4658
1169026	3026
1169070	3909
1169090	3619
1169094	4007
1169099	2537
1169140	3648
1169149	4869
1169150	3578
1169206	2618
1169249	4988
1169294	3949
1169349	4908
1169395	3538
1169500	4537
1169583	3477
1169732	3218
1169773	3828
1169888	2668
1169911	3158
1169946	3428
1170004	3978
1170059	2568
1170125	3929
1170162	4208
1170170	3457
1170188	3338
1170200	4199
1170221	2959
1170272	4199
1170382	3388
1170386	3768
1170413	3858
1170425	4856
1170459	3618
1170505	3268
1170529	2938
1170544	3348
1170555	2508
1170563	3138
1170583	2817
1170589	4644
1170614	2939
1170648	4268
1170673	4278
1170706	4888
1170731	4088
1170750	3918
1170773	3178
1170786	3909
1170809	3908
1170845	2617
1170854	3756
1170925	3107
1170930	4128
1170957	3927
1171077	2969
1171093	3537
1171208	4588
1171243	2509
1171247	3498
1171302	3019
1171341	4068
1171356	4955
1171380	2529
1171393	3288
1171395	3486
1171404	2508
1171419	2919
1171474	4988
1171501	4028
1171547	2648
1171557	4329
1171580	2718
1171596	3148
1171600	3476
1171713	4258
1171759	2529
1171817	3418
1171832	3066
1171849	3019
1171911	4507
1171920	4707
1171988	2938
1172016	2828
1172050	4969
1172149	3587
1172160	4418
1172172	4807
1172236	3838
1172254	2999
1172257	3998
1172283	4708
1172288	4329
1172325	4476
1172348	2759
1172372	4428
1172430	4377
1172489	2969
1172503	4238
1172507	4707
1172542	3148
1172543	4397
1172722	3528
1172736	3967
1172761	4279
1172818	3847
1172867	2849
1172948	4827
1172956	2907
1173002	4018
1173036	4286
1173040	2548
1173155	2578
1173179	4158
1173359	3918
1173403	4348
1173418	4128
1173448	3518
1173530	4628
1173549	2689
1173553	2558
1173619	4079
1173651	4147
1173665	4618
1173666	3948
1173670	3267
1173690	3148
1173691	3188
1173703	4855
1173711	3768
1173787	3019
1173789	2758
1173877	2989
1173914	3837
1174028	3198
1174081	4766
1174120	3406
1174162	3038
1174169	2938
1174191	3039
1174217	2999
1174237	4407
1174240	2548
1174293	4388
1174300	2798
1174322	3079
1174327	3009
1174334	3058
1174393	4718
1174452	3048
1174486	4748
1174490	3718
1174495	3148
1174496	3198
1174540	4706
1174565	3128
1174579	4808
1174611	4806
1174620	3867
1174631	4646
1174632	3048
1174765	4199
1174783	2999
1174801	2959
1174809	2529
1174850	4038
1174870	4228
1175009	4407
1175041	3067
1175042	2848
1175122	4608
1175187	4598
1175249	4267
1175286	4428
1175313	4079
1175332	3607
1175353	4898
1175397	2627
1175438	3458
1175464	4419
1175470	4786
1175520	2998
1175595	4338
1175604	4268
1175614	3748
1175615	3818
1175629	2518
1175650	3258
1175694	3806
1175718	4107
1175725	3188
1175735	4838
1175820	2857
1175875	3487
1175967	3978
1175973	3728
1175989	2977
1175990	2849
1176068	3079
1176118	3906
1176143	4858
1176154	3348
1176161	4509
1176168	4808
1176208	4327
1176296	4199
1176341	4059
1176349	4499
1176376	2999
1176378	3098
1176380	3148
1176381	2766
1176416	4808
1176499	4758
1176569	3807
1176603	2948
1176727	2988
1176804	4237
1176841	4768
1176876	3969
1177064	2558
1177113	2827
1177116	3459
1177267	2998
1177269	4047
1177278	4218
1177290	4309
1177332	3746
1177357	2929
1177443	4079
1177470	2697
1177524	4538
1177620	4286
1177635	2538
1177652	3448
1177696	3438
1177726	2849
1177885	4968
1177934	4828
1177948	2548
1177960	2679
1177974	4949
1178004	4968
1178116	4498
1178200	3338
1178214	3258
1178262	3188
1178397	4067
1178443	3747
1178536	4338
1178612	2946
1178683	4738
1178773	2958
1178805	4288
1178837	4698
1178846	3408
1178853	2917
1178919	3057
1178978	3048
1178997	3307
1179025	4428
1179050	2548
1179067	4986
1179084	2879
1179107	3949
1179108	4415
1179339	4817
1179361	4079
1179368	4199
1179432	4888
1179455	2888
1179458	3698
1179510	4758
1179523	4868
1179702	3828
1179718	2968
1179764	4019
1179774	4337
1179777	4296
1179809	2509
1179839	3738
1179863	4828
1180065	4758
1180083	2879
1180110	4846
1180134	4515
1180189	4069
1180206	3366
1180214	3688
1180283	2849
1180299	3258
1180337	4298
1180354	3528
1180358	4318
1180389	3138
1180404	3848
1180421	3738
1180544	3836
1180635	4419
1180706	3388
1180779	4999
1180909	4088
1181048	2999
1181068	4406
1181167	4028
1181175	3778
1181200	3718
1181220	2647
1181268	3178
1181307	4718
1181309	4758
1181324	2849
1181344	2689
1181379	4299
1181392	3707
1181396	2738
1181412	2989
1181601	4868
1181614	4737
1181634	3619
1181690	3518
1181747	3248
1181790	4777
1181791	4376
1181821	4059
1181843	4199
1181903	3157
1181956	3628
1181991	4788
1182106	4808
1182121	2608
1182132	2549
1182141	2989
1182215	2858
1182242	4059
1182304	4678
1182337	4787
1182360	3078
1182407	3079
1182426	3748
1182432	3788
1182483	2598
1182571	3558
1182590	4316
1182650	2508
1182670	4969
1182697	4298
1182709	4157
1182780	2848
1182832	2678
1182850	4328
1182852	4506
1182880	4667
1182884	4408
1182966	3208
1183005	4438
1183071	4068
1183100	4507
1183125	4597
1183157	2799
1183163	4019
1183287	2708
1183305	2888
1183311	3058
1183340	4309
1183346	4867
1183397	3619
1183407	4098
1183413	4438
1183417	4508
1183505	2728
1183565	3378
1183635	2619
1183664	3619
1183667	3759
1183683	3747
1183688	4838
1183721	3819
1183733	4927
1183813	4637
1183823	3417
1183857	3488
1183901	4719
1183906	2588
1183925	4479
1183926	2959
1183976	3237
1183997	2878
1184037	4488
1184042	3518
1184048	3088
1184148	3898
1184195	2658
1184229	3338
1184235	4747
1184263	4579
1184313	4007
1184348	3316
1184394	4898
1184395	2939
1184411	3058
1184435	4677
1184438	4668
1184551	4358
1184568	2908
1184688	4318
1184690	2879
1184717	3619
1184839	3738
1184843	3738
1184881	4528
1184931	4279
1185101	2617
1185112	2969
1185159	3768
1185252	3108
1185361	2809
1185372	2699
1185432	2826
1185438	3838
1185445	3188
1185450	3377
1185486	4579
1185532	4608
1185534	2688
1185621	4079
1185627	4585
1185649	4019
1185663	4079
1185675	4778
1185713	4818
1185722	2689
1185839	2957
1185851	4666
1185867	3146
1185871	4059
1185905	2658
1185915	4158
1186021	3708
1186088	2958
1186100	3808
1186105	3619
1186137	2608
1186178	2608
1186223	4479
1186262	4349
1186276	4587
1186316	2959
1186376	3258
1186418	2748
1186419	4528
1186428	4448
1186475	4808
1186653	2959
1186718	2578
1186734	4128
1186779	3758
1186790	4768
1186795	3428
1186814	2799
1186818	4438
1186850	4368
1186920	4477
1186932	2939
1186987	2938
1187049	4038
1187071	3268
1187108	4868
1187138	4638
1187183	4328
1187192	4309
1187199	2969
1187258	3018
1187314	3678
1187367	4079
1187383	2578
1187416	2508
1187420	4808
1187474	3079
1187520	3688
1187536	4047
1187541	4318
1187567	4188
1187585	4627
1187717	4918
1187741	4039
1187807	4518
1187887	3758
1187938	3088
1187996	3348
1188004	4518
1188058	3838
1188155	4927
1188173	2728
1188226	4128
1188287	3648
1188314	4468
1188345	4628
1188373	2797
1188412	3408
1188521	3176
1188575	4438
1188644	3745
1188669	3859
1188723	2968
1188739	3978
1188766	3529
1188801	3608
1188819	4258
1188822	4117
1188845	4379
1188865	3238
1188877	4419
1188994	2969
1189005	3459
1189040	2518
1189043	3388
1189059	2698
1189080	3949
1189087	3678
1189121	3008
1189128	3087
1189132	2969
1189208	3778
1189210	4888
1189260	3817
1189266	3338
1189272	2648
1189276	2588
1189288	3138
1189290	2588
1189303	4618
1189363	2788
1189445	3898
1189446	2659
1189546	3318
1189573	4848
1189602	2809
1189624	3568
1189694	4608
1189739	2978
1189747	3838
1189761	2878
1189853	3098
1189867	4808
1189953	4658
1189955	3708
1189989	3368
1190025	3297
1190070	4617
1190156	4848
1190161	3398
1190202	4227
1190204	4448
1190264	2999
1190290	3448
1190299	2529
1190306	4518
1190317	3008
1190331	3696
1190334	3017
1190418	3128
1190452	2738
1190457	4898
1190506	4446
1190548	4977
1190635	2928
1190653	3949
1190666	2918
1190672	3708
1190675	2877
1190748	2989
1190800	3548
1190870	3947
1190910	4479
1190957	4978
1191002	4199
1191023	4629
1191039	2948
1191054	3507
1191088	3628
1191122	3859
1191134	2799
1191250	4508
1191304	4367
1191393	4137
1191427	4958
1191476	4817
1191477	4548
1191484	4528
1191543	4358
1191557	4748
1191612	2607
1191614	4049
1191624	4969
1191803	3978
1191810	3418
1191844	3949
1191860	4087
1191863	2738
1191866	2599
1191971	3438
1191989	4299
1191997	4178
1192007	3847
1192097	2567
1192098	3198
1192161	4438
1192222	3468
1192253	4886
1192308	4378
1192320	3949
1192363	4077
1192374	4067
1192393	4098
1192432	4678
1192451	2658
1192453	3388
1192459	4107
1192509	4668
1192588	4169
1192606	4059
1192627	3648
1192659	3888
1192761	4218
1192832	2969
1192842	4138
1192950	2819
1193014	3657
1193062	2788
1193087	3948
1193122	3368
1193128	2989
1193152	2578
1193159	4667
1193171	2908
1193191	3797
1193222	3039
1193269	2689
1193317	4548
1193395	3929
1193435	3658
1193464	4478
1193491	3568
1193495	3258
1193533	4887
1193550	4928
1193602	4757
1193694	3808
1193711	2838
1193713	3768
1193742	2968
1193743	4678
1193779	3288
1193812	4508
1193822	2997
1193836	4019
1193864	4678
1193899	3679
1194010	3378
1194019	2979
1194072	3338
1194169	3157
1194188	3338
1194243	3677
1194246	3417
1194272	3909
1194406	4208
1194436	2728
1194544	4378
1194602	3368
1194639	3079
1194823	4257
1194834	3136
1194839	3868
1194844	2538
1194958	4708
1194977	2528
1195059	2778
1195158	4248
1195186	4458
1195261	4968
1195432	2529
1195568	4397
1195574	3357
1195601	3437
1195602	4807
1195611	4457
1195630	4578
1195710	4978
1195735	4178
1195793	2849
1195816	3848
1195832	3958
1195836	4379
1195953	4147
1195975	3138
1196006	4987
1196017	2989
1196038	4479
1196085	2509
1196134	4438
1196161	2709
1196195	3037
1196197	4868
1196257	4828
1196309	3358
1196374	2958
1196449	2737
1196481	4287
1196511	2989
1196567	2709
1196668	3947
1196691	3019
1196704	3039
1196727	2839
1196760	3088
1196794	3567
1196799	3909
1196808	3387
1196851	4518
1196866	3019
1196895	4875
1196948	2928
1196956	2939
1196966	2529
1197001	3158
1197137	3755
1197172	2809
1197174	2598
1197338	2728
1197356	2728
1197388	3098
1197457	3078
1197523	4578
1197561	3487
1197612	3228
1197671	4078
1197692	3909
1197694	4857
1197705	3758
1197729	2628
1197767	3577
1197776	3108
1197778	4128
1197824	3208
1197909	2829
1197928	3236
1198025	2988
1198040	4708
1198068	3148
1198081	3817
1198126	4298
1198147	4817
1198164	2879
1198217	4057
1198391	2638
1198439	3878
1198512	3267
1198522	3039
1198543	2678
1198560	3658
1198564	2938
1198576	3468
1198597	3698
1198669	3728
1198701	3678
1198790	3858
1198813	3955
1198823	2578
1198840	3486
1198872	3658
1198903	3757
1198963	2788
1198968	3936
1199055	4938
1199082	3619
1199109	2807
1199121	3088
1199163	2588
1199193	2969
1199196	3628
1199250	4277
1199336	2879
1199441	3008
1199445	4858
1199475	4019
1199507	4947
1199600	4438
1199635	3138
1199653	4299
1199718	2778
1199719	4059
1199734	3278
1199749	3208
1199751	4767
1199830	2709
1199850	4527
1199879	4898
1199882	4478
1199883	2999
1199897	2788
1199974	3486
1200003	2798
1200027	4907
1200034	3568
1200041	4949
1200081	4857
1200115	3568
1200123	4928
1200136	2779
1200159	4079
1200163	3519
1200179	4547
1200223	4946
1200262	3358
1200310	3437
1200322	3346
1200324	2977
1200385	3088
1200412	3548
1200443	3019
1200486	4309
1200487	2959
1200488	4299
1200498	3038
1200538	4868
1200549	3597
1200575	3608
1200611	2829
1200621	4067
1200706	3648
1200714	4579
1200761	4458
1200773	2937
1200778	3168
1200794	4965
1200910	4629
1200918	2939
1200944	2518
1200977	4626
1200979	4708
1200996	2879
1201002	4978
1201055	4688
1201099	3568
1201100	3137
1201120	3637
1201185	4078
1201209	2839
1201305	2918
1201336	3527
